3,2
3,1
3,3
10,6
10,201
10,82
10,178
10,264
10,239
10,259
10,1
10,91
10,2
10,3
11,19
11,25
11,30
11,26
11,29
11,1
11,9
11,2
11,3
9,7
9,1
9,5
9,2
9,3
8,17
8,15
8,9
8,12
8,11
8,5
8,1
8,16
8,2
8,3
12,2
12,1
12,3
20,2
20,1
20,3
19,2
19,1
19,3
18,1
18,3
14,1
144,5
144,4
144,3
14,3
144,2
13,1
144,1
144,0
141,4
141,3
13,3
141,2
141,1
141,0
139,3
139,2
139,1
139,0
138,3
138,2
138,1
138,0
137,4
137,3
2,2
137,2
2,1
137,1
137,0
135,5
135,4
135,3
135,2
2,3
135,1
135,0
133,3
133,2
133,1
133,0
132,3
132,2
132,1
132,0
131,4
131,3
131,2
131,1
131,0
129,3
129,2
129,1
129,0
0,0
145,34
145,33
145,32
145,31
145,30
